Webots Project File version R2021a
perspectives: 000000ff00000000fd00000003000000000000026600000360fc0100000003fc00000000ffffffff0000000000fffffffc0200000001fb00000012005300630065006e006500540072006500650100000019000003f10000000000000000fb0000001e00480074006d006c0052006f0062006f007400570069006e0064006f00770000000000000002660000000000000000fb0000001a0044006f00630075006d0065006e0074006100740069006f006e0000000000ffffffff0000005400ffffff00000001000002ad00000281fc0200000001fb0000001400540065007800740045006400690074006f00720100000016000002810000003c00ffffff00000003000006d5000000d9fc0100000002fb0000000e0043006f006e0073006f006c006501000000000000073f0000000000000000fb0000001a0043006f006e0073006f006c00650041006c006c0041006c006c0100000000000006d50000005400ffffff000004220000028100000004000000040000000100000008fc00000000
simulationViewPerspectives: 000000ff00000001000000020000016c000004a00100000006010000000101
sceneTreePerspectives: 000000ff0000000100000002000000c0000001120100000006010000000201
maximizedDockId: -1
centralWidgetVisible: 1
orthographicViewHeight: 1
textFiles: -1
consoles: Console:All:All
renderingDevicePerspectives: NAO:CameraBottom;1;0.266667;0;0.570423
renderingDevicePerspectives: NAO:CameraTop;1;0.266667;0;0
